2 0.247391 0.456699 0.074802 0.202614
2 0.187305 0.682190 0.091969 0.212418
2 0.400060 0.564542 0.134888 0.062092
2 0.589517 0.392974 0.126304 0.150327
2 0.548437 0.706699 0.071123 0.196078
2 0.696814 0.421569 0.078480 0.132353
2 0.784492 0.615196 0.050277 0.212418
2 0.765485 0.722222 0.076028 0.191176
2 0.624465 0.649510 0.125078 0.127451
2 0.575415 0.585784 0.161866 0.094771
2 0.627531 0.721405 0.106684 0.117647
2 0.653717 0.753431 0.143472 0.124510
2 0.710370 0.665196 0.052239 0.220588
2 0.445867 0.431373 0.061803 0.170588
2 0.307545 0.550490 0.100063 0.187255
2 0.385167 0.694118 0.150830 0.082353
2 0.386271 0.635784 0.135379 0.087255
2 0.486333 0.716667 0.085347 0.188235
2 0.407976 0.758824 0.130228 0.062745
2 0.246845 0.753922 0.128757 0.064706
2 0.265975 0.642647 0.108156 0.173529
2 0.362727 0.452451 0.108892 0.102941
2 0.370452 0.417157 0.105213 0.075490
2 0.364198 0.379902 0.141265 0.059804
2 0.575727 0.540196 0.156716 0.058824
2 0.609572 0.444608 0.119928 0.159804
2 0.531582 0.482843 0.143472 0.081373
2 0.172534 0.565196 0.052239 0.077451
2 0.203804 0.390196 0.085347 0.070588
2 0.246110 0.678431 0.061068 0.090196
2 0.739065 0.460784 0.108156 0.184314
2 0.739433 0.560784 0.050031 0.139216
2 0.772910 0.469118 0.030166 0.081373
2 0.736858 0.366667 0.084612 0.105882
2 0.179156 0.475980 0.059596 0.108824
