0 0.480686 0.551862 0.160340 0.284574
0 0.588134 0.473404 0.207577 0.109929
0 0.629050 0.535018 0.163001 0.094858
0 0.351283 0.671099 0.246164 0.195035
0 0.404508 0.846631 0.130401 0.303191
0 0.570170 0.882092 0.206246 0.180851
0 0.669967 0.704787 0.090482 0.120567
0 0.725520 0.684397 0.148364 0.283688
0 0.770428 0.871897 0.082498 0.098404
0 0.755126 0.512411 0.134393 0.141844
0 0.737163 0.436170 0.180964 0.145390
0 0.341969 0.507535 0.178303 0.087766
0 0.357604 0.587766 0.190944 0.138298
0 0.127739 0.833777 0.219552 0.328901
0 0.149362 0.645833 0.145703 0.093085
1 0.161005 0.562500 0.271446 0.094858
1 0.225155 0.865469 0.225268 0.267396
1 0.821816 0.585938 0.178497 0.107639
1 0.830285 0.662326 0.164165 0.104167
0 0.845268 0.723958 0.131593 0.119792
0 0.889566 0.769965 0.142016 0.125000
1 0.541693 0.406250 0.175891 0.105903
0 0.515635 0.743056 0.220190 0.154514
0 0.300657 0.967899 0.084688 0.062535
0 0.336486 0.869792 0.080780 0.095486
0 0.253752 0.664062 0.050813 0.041667
